28.4
28.4
29
27.4
28.6
28.8
29.6
29.2
29
29
29.2
29.2
29.2
29.2
29.8
28.8
29.4
28.8
29
28.8
29.2
29.6
29.4
29.6
28.6
29
28.8
29.4
29.8
29
28.8
29.4
29.8
29.4
29.4
30.2
29.2
29.6
29.6
29.8
29.4
29.6
29.6
30
29.8
30
29.6
29.8
29.8
30
29.4
29.8
30
30
30
30
29.6
30
30.2
29.4
30
30.2
30.6
30.2
29.8
30
30.2
30.2
30
30
30
30.2
30.4
29.4
30
30.4
30.4
30.2
30
30.6
30.6
30.6
30.6
30.4
30.6
29.8
30.4
29.8
30.4
30.6
30.4
30.6
30.4
30.4
30
30.8
30.2
30.4
30.8
30.8
30.2
30.4
30.6
30.6
30.6
30.4
31
30
30.6
31
30
29.4
30.4
30.4
30.6
30
30.8
30.4
30.2
30
28.4
31.6
29.6
29.8
29.8
30
30.5
27
30.4
30.4
31
30.8
30.8
30.8
30.8
31
31.2
31.6
31.4
30.6
30.6
29.2
30.6
30.4
30.4
25.6
29.6
27.4
25.8
30
30.6
30.4
30.6
30.8
30
30.2
28.6
30.4
30.6
29.2
28
30
30
30.4
30.6
30.6
30.6
30.6
30.8
30.6
31
31.4
31.2
31.4
31.2
30.8
30.6
31
31.2
31
31
31.4
31
27.6
30
30
31.2
29.2
27.6
29
29.2
29.4
30.8
30
30.6
27
30.8
29.6
31
28.6
30.8
28.8
26.8
29
29.6
30.6
27.6
26.8
30.2
31
30.4
29.2
30.2
29.2
30.4
30.2
28.6
30.2
29.8
30.4
28.4
30
30.2
30.6
30.4
30.2
29.4
29.6
29.6
27.4
29.8
30
29.6
30
30
29.8
29.8
26.8
29.6
28.6
30
29.6
30.6
30.6
30
30.6
29.6
29.8
30
30.2
28.6
29.6
29.2
26
28.4
29.2
29.4
29.6
29.6
29.4
28
29
29.4
29.6
29
28.4
28
28.6
27.2
28.8
29.2
29.2
28.6
29.2
28.8
29.4
29.2
29.6
29
29
29.4
29
29.4
29
29.2
30
26
27
29
29.6
26.6
28.2
25.6
28
28.8
28.6
28.8
28.6
26.8
28.6
28.8
27.6
28.8
29
28.6
29.2
29.4
26.8
28.4
28.6