4.287
531.588
4.287
565.884
548.736
4.287
411.552
411.552
583.032
565.884
497.292
60.018
548.736
480.144
394.404
60.018
583.032
51.444
4.287
497.292
34.296
25.722
394.404
308.664
274.368
480.144
4.287
531.588
360.108
325.812
497.292
34.296
583.032
394.404
565.884
531.588
51.444
565.884
565.884
480.144
583.032
445.848
497.292
651.624
617.328
548.736
51.444
565.884
411.552
51.444
25.722
25.722
308.664
291.516
308.664
51.444
411.552
497.292
308.664
411.552
360.108
565.884
394.404
480.144
394.404
411.552
360.108
51.444
51.444
308.664
360.108
377.256
325.812
308.664
394.404
462.996
34.296
240.072
205.776
274.368
188.628
205.776
325.812
377.256
308.664
34.296
360.108
360.108
394.404
394.404
411.552
360.108
445.848
308.664
325.812
480.144
308.664
548.736
205.776
360.108
34.296
377.256
360.108
34.296
274.368
25.722
325.812
291.516
360.108
4.287
34.296
360.108
274.368
34.296
360.108
360.108
565.884
583.032
240.072
377.256
308.664
274.368
291.516
445.848
34.296
360.108
205.776
291.516
377.256
411.552
4.287
377.256
308.664
497.292
25.722
360.108
360.108
411.552
34.296
394.404
377.256
154.332
205.776
34.296
240.072
360.108
222.924
291.516
291.516
291.516
360.108
360.108
34.296
240.072
34.296
291.516
4.287
240.072
308.664
325.812
308.664
188.628
291.516
308.664
360.108
25.722
222.924
34.296
377.256
222.924
377.256
325.812
240.072
274.368
291.516
274.368
4.287
25.722
308.664
308.664
291.516
274.368
34.296
25.722
274.368
34.296
25.722
308.664
325.812
0.34296
205.776
17.148
308.664
325.812
205.776
205.776
274.368
188.628
240.072
240.072
308.664
274.368
274.368
222.924
137.184
205.776
274.368
360.108
188.628
34.296
25.722
291.516
0.8574
188.628
25.722
308.664
34.296
291.516
34.296
308.664
102.888
205.776
17.148
325.812
308.664
377.256
308.664
34.296
222.924
154.332
291.516
120.036
25.722
205.776
325.812
274.368
308.664
240.072
120.036
222.924
240.072
205.776
274.368
240.072
34.296
34.296
205.776
25.722
411.552
25.722
360.108
445.848
274.368
205.776
102.888
0.51444
17.148
205.776
325.812
17.148
240.072
325.812
497.292
462.996
51.444
445.848
445.848
25.722
291.516
240.072
222.924
222.924
51.444
308.664
205.776
548.736
394.404
480.144
462.996
377.256
377.256
308.664
445.848
274.368
25.722
462.996
497.292
617.328
360.108
720.216
462.996
651.624
4.287
25.722
274.368
274.368
205.776
411.552
4.287
205.776
583.032
394.404
531.588
462.996
480.144
565.884
308.664
445.848
548.736
25.722
